356115110999105
356115110999113
356115110999121
356115110999139
356115110999147
356115110999154
356115110999162
356115110999170
356115110999188
356115110999196
356115110999204
356115110999212
356115110999220
356115110999238
356115110999246
356115110999253
356115110999261
356115110999279
356115110999287
356115110999295
356115110999303
356115110999311
356115110999329
356115110999337
356115110999345
356115110999352
356115110999360
356115110999378
356115110999386
356115110999394
356115110999402
356115110999105
356115110999113
356115110999121
356115110999139
356115110999147
356115110999154
356115110999162
356115110999170
356115110999188
356115110999196
356115110999204
356115110999212
356115110999220
Null_356115110999230
356115110999246
356115110999253
356115110999261
356115110999279
356115110999287
356115110999295
356115110999303
356115110999311
356115110999329
356115110999337
356115110999345
356115110999352
356115110999360
356115110999378
356115110999386
356115110999394
356115110999402
356115110999105
356115110999113
356115110999121
356115110999139
356115110999147
356115110999154
356115110999162
356115110999170
356115110999188
356115110999196
356115110999204
356115110999212
356115110999220
Null_356115110999230
356115110999246
356115110999253
356115110999261
356115110999279
356115110999287
356115110999295
356115110999303
356115110999311
356115110999329
356115110999337
356115110999345
356115110999352
356115110999360
356115110999378
356115110999386
356115110999394
356115110999402
356115110999105
356115110999113
356115110999121
356115110999139
356115110999147
356115110999154
356115110999162
356115110999170
356115110999188
356115110999196
356115110999204
356115110999212
356115110999220
Null_356115110999230
356115110999246
356115110999253
356115110999261
356115110999279
356115110999287
356115110999295
356115110999303
356115110999311
356115110999329
356115110999337
356115110999345
356115110999352
356115110999360
356115110999378
356115110999386
356115110999394
356115110999402
356115110999105
356115110999113
356115110999121
356115110999139
356115110999147
356115110999154
356115110999162
356115110999170
356115110999188
356115110999196
356115110999204
356115110999212
356115110999220
Null_3561151109992
356115110999246
356115110999253
356115110999261
356115110999279
356115110999287
356115110999295
356115110999303
356115110999311
356115110999329
356115110999337
356115110999345
356115110999352
356115110999360
356115110999378
356115110999386
356115110999394
356115110999402
356115110999105
356115110999113
356115110999121
356115110999139
356115110999147
356115110999154
356115110999162
356115110999170
356115110999188
356115110999196
356115110999204
356115110999212
356115110999220
长度不够_3561151109992
356115110999246
356115110999253
356115110999261
356115110999279
356115110999287
356115110999295
356115110999303
356115110999311
356115110999329
356115110999337
356115110999345
356115110999352
356115110999360
356115110999378
356115110999386
356115110999394
356115110999402
356115110999105
356115110999113
356115110999121
356115110999139
356115110999147
356115110999154
356115110999162
356115110999170
356115110999188
356115110999196
356115110999204
356115110999212
356115110999220
长度不够_3561151109992
356115110999246
356115110999253
356115110999261
356115110999279
356115110999287
356115110999295
356115110999303
356115110999311
356115110999329
356115110999337
356115110999345
356115110999352
356115110999360
356115110999378
356115110999386
356115110999394
356115110999402
356115110999105
356115110999113
356115110999121
356115110999139
356115110999147
356115110999154
356115110999162
356115110999170
356115110999188
356115110999196
356115110999204
356115110999212
356115110999220
